I110101000001110100101100000010110000110111010100001001100101110000110000101000101100101000000010110
0011010000110010011100110001010001010111111100100010001000001101011010001010000100100001000000001000
0001010001010011110011110000110001100111100010000101001100110000010100111001011001000000001100001000
1000000101101010000101010111100111001010011000010000100011000010000000000001001000101010001011010110
0000101100110100010000110010101011001000010001100010001011100011011101001000101111111001001000110100
0001011101111001111000101111001110000000110010100111100001101010011100101001000000000100110110001001
0011001010000101010110100010000011110011010100011001000011010001111100110001000110110110110001001100
1000100010101111001110111000010110100110001111000011110101001000011000011010110000011000110011000011
0110101000001100100011000100010001101010101010100010111111101110000010110001010000101010010010010110
1010100000000110000100000010100111110110011010110111000101110010000000100010101110100110100100011001
0010000000100001000000000000001010110100100000011110010001000010010010100100111110001001000010101000
0000100100110010111001101001000110000100001011001001010100110000100000101110001010000000001100011100
0100001011110000000101110100001001000011101101100000100011100100110000100000000100010001110010100010
0111010110010011011000011010001000010000110011011000100110100010011100010000011111101111000000000100
0010011000011101000010100000000000000100000000100010001001011011111000011111010000110010111000010000
0100001000110011001100000100000110110001000100111101110010101111011011000010000000110000011101110100
0111100011101001000000100001001010000001101111001011111010101001111110001100100101011001100100110110
1010001011000100110010100100100000100010000000011110000111000111000001011000010000100101110001000011
1101100000110011010010110111110010001110001110010101100001110000000010010100101100111000110101001100
0001100010000000001000010010011110100001001101011100110010000010010001011000000000100011101010111000
0000001000001010000010101101000100011100110101011000001011001101100111001101011100010010001011010010
0111000111110100001010011110110100101000011100000001000011100010011011000001011000101110010001010100
0110100111001000000011000000100000010011000010111100010100001000000110100001010000111100010100010011
0010001000000101000000100000011011000110010001011100110000111110011010100111001000011011100100100011
0110000001001000000111010010110000010010111001000000000101100101001010001111101011010010100001000000
1001100100011110001010000001001001000100100100000111011010001100111100001111100000000010011101010100
0100010010010110010101100001001010000110000000010000100011000011011111011010001011000001010111000100
0101010110010111001110100100000001000111101100010111011100001101011000101011001100100110110100000101
1101010110011101101101001001000100001010001000010000111110110000100000000111101011110010010000001100
1001000011101100000010100100000010110000111001110000000110111001101001001011000011000000110010001010
1101100110101001011100110010100010100101100101010000011100100010101000001111010011000010100001011010
0000010101100101101000111000010001110100010100101001001001111001010010100101100100001010011001100001
1111001000100001000010000000000100010101001111100001010101000010110110010000111010110000010010010011
0000001001111110111100100100011110011001000101010101001000100110000010111001101001100111001110011000
0000100101010010000001000101001111100100001000000100110000010011110010101001000010011001101010010010
1101110000000001010110000011000001000100000000000010100011011000000111010011111010101010101011001101
0111011001101000011010010000100011101100000010001010100010000001100000010110010001010000110001001110
0011100000101011110101100010001011001001110000000001000000001101101000010010101001010101110010100010
0110000000000011010010010100100000000010010110010010001100001010000010111110010000000001100100100000
1010110000001010000000010111100000101000001110110010000101011000000110011000101001111000000001010000
1101100001100000011110010010101000110001100110101001011111101000110001000100000010000010001111001101
0100100101010000011000000110000000000110001100110110011100001100001011010110010001000111000010011111
0100100110001111101010101110111001000000010011101100110101100001011101110110100100101110111010100100
1001000010000011010000110001000110011001000011100000101101110011100110110000001010100110010111010011
0100001001001000101100011000010001000000001000100101101100010010000000000000001000010110001010011000
0000010000010101001000111011001010000001100010000100000100011110001111100001010010111101001010001001
1110100110111010100011110110000101000011011001000101001100000001011010000001001100000100100000101001
1111001100100001011010001010111000010000110000110000000010010100100001000000001001110010011111100001
0110101010111111011111000001011110000010110000101100101010100100000000101100110010001001110000111001
1000100100001110111100100011000010011011110000000100100100011110010100110000110111011110100001000000
0000110100000010110100001011000111000101010100010101100010110101101011010101100001000010010000001000
0000001011100010101000000101001001101101100001001000001001001000110010110010000101010110110000110010
0111000101010011000000110011000100000100010100100011001000101100010100000000111001100011001100001001
0000100110000100111011110100010111001011000011010001111110010100101100101010010100011000110110001111
0100100011001000000001010001101000010010100010011001001010101000101110000110110100110001111010000001
0001000011111001011001000010001011110011110000000110010000110101011001000000011111001000010111010010
1110100011000110010100001010000010000110001000101110011001100000010001000101001000010100010010010100
0111100000000000000110000011000000101011000101101001101100000111100110100100100110010011100111010110
1000000101100011000001000000011000110001100100100100111000001101000100010010000111001110011000000110
0011010010000000010100000010000001000011010000101000101001000001010101100111111011010011001011010001
1010010011110000010100111101001001001010000010010011001000101011000110110011100111000110101010000001
1010101000011100010010010110110000010000100000001001000010100010101000001000000001011011001100010111
0101010110100100100101100111100100100101110100100110101010001010101111000110101000110110010001001011
1101000101010010110011010100000100010011100000011111100110000111111000101000000110111010110100000100
1001010011100000100111010010100000000101101010011100100100011000000110110000101000110110010011000100
0110110010000010110100001000000111110110100101011110100101001001000010001100011110101011010100000101
1100000001111001010001000001010010110100101001101000011100000110010001001101110000000000010000100001
0111111000101011001010010010010110010100101100000000000011100001100100101110010010111101000111000000
0001001111010001000000000100111101100111011100111011101001111011100001000000001110100000011000010101
0110111011001011110100000110011001000011100101111001001010100100011100000000000110010010011000010111
0010010100101100011101000110100000100101100001111101111100110110011010100010000000001011010101101110
1010000010100010100000110101101100010000001101111101101101000011000100010111000100101011000011000010
1100000010001011101100111100011110011101001111000010000010001100100000010010110000001001001010001100
0000000011110000001100001111110110010100000000100001100111100100001000101101011010000101001010001001
1010100010101010000001100011111001000101001001101000110001010000111011011000010100001010001100001100
0001011011011111101000100010000001001101001010000011010101010101010010111111101101111000100011111010
0111001100100111100001110100101000110000010011100111010100100110101111100011010000111000000000000000
0010110010001010000100000100001110100101011000100110010000111011100001000000001000010000010010111001
1000101011110011010001111101000010110001111101101010000100010101111001011001000000111011010110010010
1100011001101010001000111000100100101000110000101010110001100011101111110000000100001110101100100011
0000001010111001010010010010001001101010001001110101000100001001111110001101100010110010100100110011
1011001100100000010010101001000000101100101010011010001100111001110110101110000100010101101000010000
0100011010011110001010000100010011001100001001000011010100101011100000000001000011011011010000000010
0001000100110110110001111011010000100100011000000100010000001100000110000110011000100000000001010100
0000010010110100000100101010011010010000000000000010001101000010000100000110000110001010011101100101
1001000111111100011101110100100010100011110010101011100000100011101100111111100000001100000001001000
0110101000011111110000100011011011000100100011011101110001000111111100001100010010000100101101001101
0000110010000110110010100100000100001110010101011101110001001010010100010001001101001110010100100110
0000001101001011010011011001100111010111010000101001101001000101101001001100111000101000110000000100
0000011101011010100000001110101110101000101000110011000011010000010111000000100000000000010110001000
0001101011010101000001110000000000100011001111101000000101100110011000000000010011001111010010011010
1011000000100001010100110000100000000001100001001010001100110010000101101001001110000001011000010101
1000111000110100001111110100101000001001000001110001010010000001010010011111111010101000001100101100
0000000001000011010010000101000001100010100010010011110001000111000011011011001100001100101011000010
1101100011110000111001000001011011101011000010100000010101100010000101010011000000101110000011011110
0101101010000010001101111000111001111001100110011101001000001010100000000010101001000000100101000000
10011010011001010001011000000100001011000000100100010011100000101010000000000000001101X0000000010111
1010011001000100011100100011101000001011010011000100000100101001010011000010101100011000010110010000
1011100101010101100001110001011101000011100010101101001011100110001000010001001010001000010100010001
1011000011000001101110000110000000111110001001000100011001101011000010010000101001100011100101101000
